0 0.5022246357753642 0.5175305981921272 0.34357991967042933 0.42724245587127074
2 0.7744292377641936 0.2937280157078286 0.18070246348044655 0.1819317319394991
2 0.7827267998627839 0.08389757233020871 0.18254636616902292 0.1677951446604174
2 0.4628096833948463 0.0236634178367252 0.16472197351278572 0.0473268356734504
2 0.2719756465649591 0.33589760643559374 0.21450734610433805 0.22311222531769664
2 0.06330732564110918 0.2778146717454513 0.12661465128221835 0.20528783266146372
2 0.34235126584560693 0.7470780145503189 0.18684880577569662 0.17271221849661675
2 0.05593171488680538 0.8444975399300877 0.11186342977361076 0.1807024634804491
2 0.8149950969128636 0.9031951088497564 0.19299514807094723 0.19360978230047832
2 0.5162828613635492 0.954209749900356 0.19299514807095697 0.0915805001992681
2 0.24585369181013228 0.9133365736369228 0.21635124879291476 0.17332685272614065
2 0.8199121707490626 0.5500877439874443 0.2286439333834196 0.16963904734899482
